%% The 3D spatial coordinates of the sensors and lights
%  unit: inch

sensors=[...
66, 22, 86.4;...
66, 46, 86.4;...
66, 70, 86.4;...
66, 94, 86.4;...
66, 118.5, 86.4;...
54, 106.5, 86.4;...
32.5, 106.5, 86.4;...
19.5, 118, 86.4;...
19.5, 95, 86.4;...
19.5, 71.5, 86.4;...
19.5, 46.5, 86.4;...
19.5, 23.5, 86.4];


lights=[...
75, 22.5, 86.4;...
75, 46.5, 86.4;...
75, 70.5, 86.4;...
75, 94.5, 86.4;...
75, 118.5, 86.4;...
55.5, 118.5, 86.4;...
31.5, 118.5, 86.4;...
12, 118.5, 86.4;...
12, 94.5, 86.4;...
12, 70.5, 86.4;...
12, 46.5, 86.4;...
12, 22.5, 86.4];

dim=[87,136,88]; % the 3D dimension of the room



