%% The 3D spatial coordinates of the sensors and lights
%  unit: inch

sensors=[...
85.5, 34, 34;...
85.5, 34, 17;...
85.5, 68, 34;...
85.5, 68, 17;...
85.5, 102, 34;...
85.5, 102, 17;...
0, 101.5, 34;...
0, 101.5, 17;...
0, 68, 34;...
0, 68, 17;...
0, 33.5, 34;...
0, 33.5, 17];


lights=[...
75, 22.5, 86.4;...
75, 46.5, 86.4;...
75, 70.5, 86.4;...
75, 94.5, 86.4;...
75, 118.5, 86.4;...
55.5, 118.5, 86.4;...
31.5, 118.5, 86.4;...
12, 118.5, 86.4;...
12, 94.5, 86.4;...
12, 70.5, 86.4;...
12, 46.5, 86.4;...
12, 22.5, 86.4];

dim=[87,136,88]; % the 3D dimension of the room



